$ANSIBLE_VAULT;1.1;AES256
39653961363731323039656564303931616135353134666664323436633932396331316333393661
3638666563623166333666386263353633313061333131640a323436633765656439306432373262
33643565303264656535653164656437313033643531353338643430613635303036633861626636
3764666438643461660a396161313038376161383631343162623661613433303938316262633135
31316165633934333935313362656538323232363537643531383138363931366133373766366163
32613932356630353133333964616666373766303763383865356339643631633336633433323962
39616530626266306564626134333464663339653432316434663634303761356335646134363664
39666331623263336262306138373666373638616335376635376161666439363736633065306161
36623237346564616531616539313236333637653263623532323037356566623361646239633962
32313131396564333765643961393739633061376230656536396566326265376132333935366338
31386437313137313839633963653735396436306165356136323435663666303665313030613062
62343332623130373931393362643739356565356237626231653765386335313666323864316437
64636264643663306232383836373665356232636362336335376365666163366233306566303431
62393862363437363432663137356439643935653665313234363935303936656362376637366165
33633862643964383832386533626538316335386366623833326166313637623237393138623735
32646665353462373337396564353439396436393232623432343736396434366131303964653839
35613966613839353234373566333662383732616633373862666435616439363430633361336138
33393533363232636365323630363138353439386433663039306337653530656530333532333434
62383738383330633637333231353162663761356664366337393264636334323038363331323936
36313364323733636330323561646531376461666164313463323763356238366234383666333838
63333163373233363963656132386532363865663463623965383537396137376539373932363663
62613061303266383566666666333535353164663635303337396639356561316536646639656234
34393862386331383339346238643239386461646136393835363131336638313839626263383661
64303739363536343735316262373766323932333763326333613735333031333436336264323530
30353236666365393039303736653630313539303535613230646333353762383064343433633736
30393734366339343432383439646565303164336237636332643335303630363765303064363865
64326231626135663833306233393731363166326662663034666135636533333066363038633633
34633864663563613664
