$ANSIBLE_VAULT;1.1;AES256
35663433313231303235363235373636356230656366393633336564303262356335333365383230
3931346238653437663236346535346661396262363966300a306231303535363330613937333539
32643466393339306661396635386139626332333030626265383562363839323236633832386666
6435616165653235310a326639646365333864623838643864623061373731663565313434343131
63363962376261353061643163316139323235383364313731626164613866363432366162626233
61313238323030316464343834396639376532346666373163656635636366633439656236313061
61366232383962633561313462346462663962366663363932336333356161313038306630393162
36633965386330636238343435626131326530383538383231656433363062373135363035666639
35326539653439633962363561313330653330653862613663643633363566393530643266393462
65666538346461626265343038363161323735313462623730336330336564643330376231356430
66656266323064396131623964353634613332373539663936306264623566623336646331633432
38376332396265653939373363346132393938336663636538646236636462353161366336646563
62643332633737653865366563383331393337336333346235306266323533666264663363636164
61346564336632393331383338333230623533646162623932373831343030353961373061616530
61343435383435646135646239346338373434356538646334303764356632333836316533303433
34343830386263333164343236633833633036376562626330306130366338653636636163373533
66653462373833373137346333343764653962386534326530366539323964316166306438623730
61366636346335653038343830623666643932636535323434343531353136613539643536393161
63646438666439623139656262646161303237656539396439306331623539333436306431356435
30643332303762646631323536663434383937663265616633663437326633346632396239626537
39356261623031666237623738356365643939353365643261616263376436363130336139346664
36336461613730646266366334353461376464323061653761356336313639363861363331373165
35393963396366306561366563316237396665643565343931646463333438663432383035373739
33376134383232323461623633363038633566633862303063343865363137643532386165393336
3130
