$ANSIBLE_VAULT;1.1;AES256
65333130343236306165323931616137313937613037386638653131373664636432346366336361
6366396163616362376666386630373039343233303139320a333838353037356531623639363737
61313133316261346236363365353861313538633166323239313065353965306362326137336162
6133376636643039390a386663326235616534326632643234393461313132306562663933323430
66623963633863376231623964373763663261623339626331376465343537383066633761323736
30386535373966636662613763633361616664613965613266363937373836363266626638313964
30356133373962626336316461386465656335663030666639653766613966313535326663633431
38663862613039653937646365653537633464373766616135306365333138313466373330643230
32386532316466653264383639653533343161396537333434323664306565386132343730623936
37366538643730316461623666313534316238346337386433653135393463623162663134383531
65343431646531346261656563623437313737356532353765636432323732343234306263626433
62373666353063383935383561316164383036346563643666326130323131373935373334666439
61343762613563643766613163616232336166366139353163396330663531383366333761333637
35303833636662666261343936653634333263356330386136356433623535356532653432373463
66326231343635643636353262323261383565313264343137356135373137376335353936336266
30656431633462316233366339656537376365626433316561393831363361663063393030373534
36623235393038656531663266613831396236616235363830656136613236633961653761343135
39363531353337643331356333336163646136656431373134383263636132313163653937383638
64663335316435373132323965366334616331633262653636323238613135636265646432636166
30633431643334383262663865326630626264313036333234363830323932353064373833323565
35376534303362323833393266313064393733623162393734306339636564303434326437653763
31323966336635356661313232396334626562366262663138626238333964653065336630303139
66353438643030663031386165666631383164373661333432613435333835373165386131353466
36653639643636363132313532316436303166343530636239653632353863633035323838316234
36343930363762366163666162646635366633653336646663353533303166616436343134643465
64366366636433633638663830333239613434376462323666626530326535383638366461353466
34613366323738353430373034383539373164393665376338616230623836626238633865326532
39633932633334343131636630396236643438663363653264313366666130313938636137613833
64626135326339326163353837313565316163636535373031383664623865363166383763353061
62623766313635333161636137633830613864613434373065323038396431633261633630386637
65616533396533643234333137386665356164303131316536636462333233626238633835616435
37646632656266313830346334656164323130616430363464626334633832343764633230326331
38353634373136323935653737363336353131666330333438646638666464346532333161326434
61353562653737353033356230323833396335623930373162663932333935633566323463383834
37323733646563313034343036636238666638316431643263613062663462623565613037393566
31643837386662306232383036393064323032393262386133353339386361333234653538383263
62633938363934633831303730663937666463366565383832623635376435303330363830653534
33633037616336333536376438616562616134393965326533396363303630346266636138386166
34636665323162333138383130363966323466663435656531336531353932623866366465353166
63653832616532333834613237663333633538633564666630383233373638376564636332313935
6535
